Categorical - no row sampling
                           f1-e  f1-e-std     p-e     r-e   bsf-e  time    score  score-std   loglik  loglik-std    nonex    expts    dens  dens-std        n      |E|      |A|
TABU/STABLE3/SCORE_PLUS  0.5356    0.0000  0.5903  0.5048  0.6002   9.4 -24.4914     0.0000 -22.8942      0.0000   0.0000  89.7059  2.4655    0.0000  40.9412  52.9951  66.1765
TABU/STABLE3/SP_GREEDY   0.5554    0.0000  0.6143  0.5214  0.6157  62.7 -24.4251     0.0000 -22.8111      0.0000   0.0000  89.7059  2.4589    0.0000  40.9412  52.9314  66.1765
HC/STABLE3/SCORE_PLUS    0.4835    0.0000  0.5315  0.4591  0.5772  10.6 -24.5032     0.0000 -22.9191      0.0000   0.0000  89.7059  2.4917    0.0000  40.9412  53.1912  66.1765
TABU/BASE3               0.4787    0.0895  0.5257  0.4548  0.5688   4.9 -24.5091     0.0452 -22.9216      0.0727   0.0000  89.7059  2.5155    0.0882  40.9412  54.3002  66.1765
HC/BASE3                 0.4174    0.0985  0.4569  0.4010  0.5364   5.4 -24.5319     0.0494 -22.9511      0.0775   0.0000  89.7059  2.5603    0.1041  40.9412  54.9306  66.1765
TETRAD/FGES_BASE3        0.5278    0.0018  0.6048  0.4871  0.5799  47.7 -24.9100     0.0006 -23.1524      0.0017   0.0000  83.7647  2.2547    0.0008  40.9412  46.4241  66.1765
BNLEARN/MMHC_BASE3       0.3206    0.0663  0.4770  0.2554  0.3631   5.8 -28.3546     0.3119 -27.4983      0.3314   0.0000  89.7059  1.4307    0.0659  40.9412  27.2872  66.1765
BNLEARN/H2PC_BASE3       0.3951    0.0701  0.5178  0.3375  0.4633  18.6 -26.5373     0.2144 -25.5496      0.2430   0.0000  89.7059  1.7904    0.0512  40.9412  34.8659  66.1765
BNLEARN/PC_BASE3         0.3604    0.0367  0.5347  0.2933  0.4006  17.1 -28.5656     0.0679 -27.6964      0.0345  11.5882  89.7059  1.4690    0.0000  40.9412  27.8480  66.1765
BNLEARN/GS_BASE3         0.2108    0.0653  0.4015  0.1534  0.2327   7.6 -30.3693     0.5659 -29.6262      0.5726   2.1176  89.7059  1.0265    0.1301  40.9412  18.5457  66.1765
BNLEARN/IIAMB_BASE3      0.3545    0.0308  0.5111  0.2862  0.4029   3.9 -28.3600     0.2848 -27.1451      0.2809  14.7059  89.7059  1.5578    0.0375  40.9412  29.3023  66.1765

Categorical - row sampling
                           f1-e  f1-e-std     p-e     r-e   bsf-e  time    score  score-std   loglik  loglik-std    nonex    expts    dens  dens-std        n      |E|      |A|
TABU/SAMPLE/STABLE       0.5190    0.0529  0.5699  0.4897  0.5909  14.5 -24.5370     0.1192 -23.0583      0.0889   0.0000  89.7059  2.4558    0.0765  40.9412  52.6980  66.1765
TABU/SAMPLE/GREEDY       0.5606    0.0536  0.6173  0.5265  0.6141  70.0 -24.4798     0.1201 -22.9858      0.0879   0.0000  89.7059  2.4318    0.0727  40.9412  52.2343  66.1765
HC/SAMPLE/STABLE         0.4746    0.0501  0.5223  0.4499  0.5666  11.7 -24.5539     0.1203 -23.0747      0.0884   0.0000  89.7059  2.4870    0.0758  40.9412  53.1433  66.1765
TABU/SAMPLE/BASE         0.4661    0.1024  0.5088  0.4443  0.5598   8.2 -24.5647     0.1421 -23.0846      0.1215   0.0000  89.7059  2.5109    0.1233  40.9412  54.1986  66.1765
HC/SAMPLE/BASE           0.4112    0.1048  0.4475  0.3959  0.5305   4.6 -24.5850     0.1443 -23.1063      0.1250   0.0000  89.7059  2.5526    0.1333  40.9412  54.8275  66.1765
TETRAD/FGES_BASE4        0.5332    0.0458  0.6085  0.4926  0.5776  57.5 -24.9679     0.1361 -23.2708      0.0898   0.0000  83.5882  2.2497    0.0628  40.9412  46.3678  66.1765
BNLEARN/MMHC_BASE4       0.3138    0.0752  0.4680  0.2494  0.3555   3.6 -28.3730     0.4189 -27.5336      0.3725   0.0000  81.0588  1.4138    0.1010  40.9412  27.2517  66.1765
BNLEARN/H2PC_BASE4       0.3890    0.0840  0.5083  0.3326  0.4582  12.4 -26.5574     0.3523 -25.4345      0.3444   0.0000  81.0588  1.7766    0.0904  40.9412  34.7949  66.1765
BNLEARN/PC_BASE4         0.3668    0.0597  0.5471  0.2983  0.3911  11.2 -28.6036     0.1721 -27.7682      0.2020   9.8235  81.0588  1.4356    0.0761  40.9412  27.6559  66.1765
BNLEARN/GS_BASE4         0.2015    0.0707  0.3831  0.1469  0.2279   4.1 -30.3835     0.5631 -29.6507      0.5571   1.5882  81.0588  1.0246    0.1380  40.9412  18.5817  66.1765
BNLEARN/IIAMB_BASE4     0.5356-24 0.3412    0.0621  0.4959  0.2742  0.3960   2.4 -28.4326     0.4224 -27.2224      0.3820  12.1176  81.0588  1.5530    0.0847  40.9412  29.2983  66.1765

Continuous - no row sampling
                           f1-e  f1-e-std     p-e     r-e   bsf-e   time    score  score-std   loglik  loglik-std    nonex    expts    dens  dens-std        n      |E|      |A|
TABU/STABLE3/SCORE_PLUS  0.5538    0.0000  0.5356  0.5852  0.7630   39.8 -52.3829     0.0000 -50.9363      0.0000   0.0000  96.4286  3.5660    0.0000  44.7143  86.6667  67.7143
TABU/STABLE3/SP_GREEDY   0.6191    0.0000  0.6112  0.6396  0.7840  186.0 -52.3588     0.0000 -50.8801      0.0000   0.0000  96.4286  3.4669    0.0000  44.7143  85.5476  67.7143
HC/STABLE3/SCORE_PLUS    0.5217    0.0000  0.4984  0.5612  0.7367   57.9 -52.3898     0.0000 -50.9572      0.0000   0.0000  96.4286  3.6392    0.0000  44.7143  87.6071  67.7143
TABU/BASE3               0.5525    0.0980  0.5292  0.5898  0.7473   18.7 -52.3943     0.0168 -50.9333      0.0309   0.0000  96.4286  3.6871    0.2335  44.7143  89.4071  67.7143
HC/BASE3                 0.5231    0.0990  0.4966  0.5667  0.7238   27.6 -52.4009     0.0178 -50.9478      0.0331   0.0000  96.4286  3.7771    0.2478  44.7143  90.5886  67.7143
TETRAD/FGES_BASE3        0.6849    0.0000  0.7480  0.6553  0.7319  463.5 -52.6603     0.0000 -51.7156      0.0000   0.0000  89.7143  2.6061    0.0000  44.7143  55.9048  67.7143
BNLEARN/MMHC_BASE3       0.4924    0.0612  0.5439  0.4711  0.6195  487.4 -55.5057     0.4582 -55.0886      0.4582   0.0000  96.4286  2.6017    0.0242  44.7143  62.5871  67.7143
BNLEARN/H2PC_BASE3       0.5175    0.0606  0.5926  0.4770  0.6285  232.7 -53.8146     0.4533 -53.3101      0.4534   0.0000  85.7143  2.3539    0.0020  44.7143  51.2343  67.7143
BNLEARN/PC_BASE3         0.4185    0.0315  0.4612  0.3989  0.6011  298.3 -56.3617     0.2963 -55.1167      0.2963  27.2857  96.4286  2.5813    0.0008  44.7143  61.9519  67.7143
BNLEARN/GS_BASE3         0.5080    0.0290  0.5514  0.4885  0.6407  312.5 -57.9608     1.2635 -55.1747      1.2742  58.1429  86.0000  2.7062    0.0600  44.7143  63.9214  67.7143
BNLEARN/IIAMB_BASE3      0.5051    0.0084  0.5526  0.4841  0.6379  152.4 -46.9026     0.4681 -45.6567      0.4681  60.7143  89.2857  2.7082    0.0095  44.7143  64.6610  67.7143

Continuous sampling
                           f1-e  f1-e-std     p-e     r-e   bsf-e   time    score  score-std   loglik  loglik-std    nonex     expts    dens  dens-std        n      |E|      |A|
TABU/SAMPLE/STABLE       0.5603    0.0851  0.5415  0.5898  0.7508   63.2 -52.2572     0.1524 -51.6023      0.0344   0.0000  100.0000  3.5128    0.1984  44.7143  84.5586  67.7143
TABU/SAMPLE/GREEDY       0.6103    0.0758  0.5980  0.6323  0.7754  314.8 -52.2555     0.1570 -51.5850      0.0356   0.0000  100.0000  3.4208    0.1562  44.7143  82.6257  67.7143
HC/SAMPLE/STABLE         0.5439    0.0772  0.5203  0.5802  0.7356   56.2 -52.2616     0.1510 -51.6025      0.0333   0.0000  100.0000  3.5754    0.1819  44.7143  85.3171  67.7143
TABU/SAMPLE/BASE         0.5260    0.1083  0.4994  0.5663  0.7374   40.1 -52.2695     0.1520 -51.6078      0.0382   0.0000  100.0000  3.6546    0.3002  44.7143  87.7071  67.7143
HC/SAMPLE/BASE           0.5024    0.1063  0.4726  0.5487  0.7167   26.2 -52.2761     0.1521 -51.6116      0.0392   0.0000  100.0000  3.7369    0.3072  44.7143  89.0214  67.7143
TETRAD/FGES_BASE4        0.6300    0.0727  0.6871  0.6073  0.7123  263.9 -52.6088     0.2123 -51.8797      0.0577   0.0000   95.8571  2.6380    0.1090  44.7143  56.5973  67.7143
BNLEARN/MMHC_BASE4       0.4677    0.0811  0.5194  0.4474  0.6088  161.4 -55.5781     0.7163 -55.4018      0.6726   0.0000   96.2857  2.5564    0.1303  44.7143  61.0814  67.7143
BNLEARN/H2PC_BASE4       0.4883    0.0841  0.5663  0.4494  0.6082   86.7 -54.1646     0.8562 -53.8606      0.4819   0.0000   85.5714  2.3012    0.1040  44.7143  49.9633  67.7143
BNLEARN/PC_BASE4         0.4170    0.0713  0.4683  0.3948  0.5928  116.9 -56.4910     0.5291 -55.5043      0.5298  30.0000   96.4286  2.5343    0.1225  44.7143  60.3562  67.7143
BNLEARN/GS_BASE4         0.4577    0.0737  0.5048  0.4393  0.6207  201.5 -59.1985     1.0073 -57.8102      1.0151  61.4286   89.1429  2.6404    0.1470  44.7143  62.4822  67.7143
BNLEARN/IIAMB_BASE4      0.4473    0.0717  0.5002  0.4264  0.6108  344.7 -58.7035     0.9204 -56.2549      0.9251  59.8571   89.1429  2.6074    0.1390  44.7143  62.2056  67.7143